1000
66666334
199999002
199999003
199999004
199999005
199999006
199999007
199999008
199999009
199999010
199999011
199999012
199999013
199999014
199999015
199999016
199999017
199999018
199999019
199999020
199999021
199999022
199999023
199999024
199999025
199999026
199999027
199999028
199999029
199999030
199999031
199999032
199999033
199999034
199999035
199999036
199999037
199999038
199999039
199999040
199999041
199999042
199999043
199999044
199999045
199999046
199999047
199999048
199999049
199999050
199999051
199999052
199999053
199999054
199999055
199999056
199999057
199999058
199999059
199999060
199999061
199999062
199999063
199999064
199999065
199999066
199999067
199999068
199999069
199999070
199999071
199999072
199999073
199999074
199999075
199999076
199999077
199999078
199999079
199999080
199999081
199999082
199999083
199999084
199999085
199999086
199999087
199999088
199999089
199999090
199999091
199999092
199999093
199999094
199999095
199999096
199999097
199999098
199999099
199999100
199999101
199999102
199999103
199999104
199999105
199999106
199999107
199999108
199999109
199999110
199999111
199999112
199999113
199999114
199999115
199999116
199999117
199999118
199999119
199999120
199999121
199999122
199999123
199999124
199999125
199999126
199999127
199999128
199999129
199999130
199999131
199999132
199999133
199999134
199999135
199999136
199999137
199999138
199999139
199999140
199999141
199999142
199999143
199999144
199999145
199999146
199999147
199999148
199999149
199999150
199999151
199999152
199999153
199999154
199999155
199999156
199999157
199999158
199999159
199999160
199999161
199999162
199999163
199999164
199999165
199999166
199999167
199999168
199999169
199999170
199999171
199999172
199999173
199999174
199999175
199999176
199999177
199999178
199999179
199999180
199999181
199999182
199999183
199999184
199999185
199999186
199999187
199999188
199999189
199999190
199999191
199999192
199999193
199999194
199999195
199999196
199999197
199999198
199999199
199999200
199999201
199999202
199999203
199999204
199999205
199999206
199999207
199999208
199999209
199999210
199999211
199999212
199999213
199999214
199999215
199999216
199999217
199999218
199999219
199999220
199999221
199999222
199999223
199999224
199999225
199999226
199999227
199999228
199999229
199999230
199999231
199999232
199999233
199999234
199999235
199999236
199999237
199999238
199999239
199999240
199999241
199999242
199999243
199999244
199999245
199999246
199999247
199999248
199999249
199999250
199999251
199999252
199999253
199999254
199999255
199999256
199999257
199999258
199999259
199999260
199999261
199999262
199999263
199999264
199999265
199999266
199999267
199999268
199999269
199999270
199999271
199999272
199999273
199999274
199999275
199999276
199999277
199999278
199999279
199999280
199999281
199999282
199999283
199999284
199999285
199999286
199999287
199999288
199999289
199999290
199999291
199999292
199999293
199999294
199999295
199999296
199999297
199999298
199999299
199999300
199999301
199999302
199999303
199999304
199999305
199999306
199999307
199999308
199999309
199999310
199999311
199999312
199999313
199999314
199999315
199999316
199999317
199999318
199999319
199999320
199999321
199999322
199999323
199999324
199999325
199999326
199999327
199999328
199999329
199999330
199999331
199999332
199999333
199999334
199999335
199999336
199999337
199999338
199999339
199999340
199999341
199999342
199999343
199999344
199999345
199999346
199999347
199999348
199999349
199999350
199999351
199999352
199999353
199999354
199999355
199999356
199999357
199999358
199999359
199999360
199999361
199999362
199999363
199999364
199999365
199999366
199999367
199999368
199999369
199999370
199999371
199999372
199999373
199999374
199999375
199999376
199999377
199999378
199999379
199999380
199999381
199999382
199999383
199999384
199999385
199999386
199999387
199999388
199999389
199999390
199999391
199999392
199999393
199999394
199999395
199999396
199999397
199999398
199999399
199999400
199999401
199999402
199999403
199999404
199999405
199999406
199999407
199999408
199999409
199999410
199999411
199999412
199999413
199999414
199999415
199999416
199999417
199999418
199999419
199999420
199999421
199999422
199999423
199999424
199999425
199999426
199999427
199999428
199999429
199999430
199999431
199999432
199999433
199999434
199999435
199999436
199999437
199999438
199999439
199999440
199999441
199999442
199999443
199999444
199999445
199999446
199999447
199999448
199999449
199999450
199999451
199999452
199999453
199999454
199999455
199999456
199999457
199999458
199999459
199999460
199999461
199999462
199999463
199999464
199999465
199999466
199999467
199999468
199999469
199999470
199999471
199999472
199999473
199999474
199999475
199999476
199999477
199999478
199999479
199999480
199999481
199999482
199999483
199999484
199999485
199999486
199999487
199999488
199999489
199999490
199999491
199999492
199999493
199999494
199999495
199999496
199999497
199999498
199999499
199999500
199999501
199999502
199999503
199999504
199999505
199999506
199999507
199999508
199999509
199999510
199999511
199999512
199999513
199999514
199999515
199999516
199999517
199999518
199999519
199999520
199999521
199999522
199999523
199999524
199999525
199999526
199999527
199999528
199999529
199999530
199999531
199999532
199999533
199999534
199999535
199999536
199999537
199999538
199999539
199999540
199999541
199999542
199999543
199999544
199999545
199999546
199999547
199999548
199999549
199999550
199999551
199999552
199999553
199999554
199999555
199999556
199999557
199999558
199999559
199999560
199999561
199999562
199999563
199999564
199999565
199999566
199999567
199999568
199999569
199999570
199999571
199999572
199999573
199999574
199999575
199999576
199999577
199999578
199999579
199999580
199999581
199999582
199999583
199999584
199999585
199999586
199999587
199999588
199999589
199999590
199999591
199999592
199999593
199999594
199999595
199999596
199999597
199999598
199999599
199999600
199999601
199999602
199999603
199999604
199999605
199999606
199999607
199999608
199999609
199999610
199999611
199999612
199999613
199999614
199999615
199999616
199999617
199999618
199999619
199999620
199999621
199999622
199999623
199999624
199999625
199999626
199999627
199999628
199999629
199999630
199999631
199999632
199999633
199999634
199999635
199999636
199999637
199999638
199999639
199999640
199999641
199999642
199999643
199999644
199999645
199999646
199999647
199999648
199999649
199999650
199999651
199999652
199999653
199999654
199999655
199999656
199999657
199999658
199999659
199999660
199999661
199999662
199999663
199999664
199999665
199999666
199999667
199999668
199999669
199999670
199999671
199999672
199999673
199999674
199999675
199999676
199999677
199999678
199999679
199999680
199999681
199999682
199999683
199999684
199999685
199999686
199999687
199999688
199999689
199999690
199999691
199999692
199999693
199999694
199999695
199999696
199999697
199999698
199999699
199999700
199999701
199999702
199999703
199999704
199999705
199999706
199999707
199999708
199999709
199999710
199999711
199999712
199999713
199999714
199999715
199999716
199999717
199999718
199999719
199999720
199999721
199999722
199999723
199999724
199999725
199999726
199999727
199999728
199999729
199999730
199999731
199999732
199999733
199999734
199999735
199999736
199999737
199999738
199999739
199999740
199999741
199999742
199999743
199999744
199999745
199999746
199999747
199999748
199999749
199999750
199999751
199999752
199999753
199999754
199999755
199999756
199999757
199999758
199999759
199999760
199999761
199999762
199999763
199999764
199999765
199999766
199999767
199999768
199999769
199999770
199999771
199999772
199999773
199999774
199999775
199999776
199999777
199999778
199999779
199999780
199999781
199999782
199999783
199999784
199999785
199999786
199999787
199999788
199999789
199999790
199999791
199999792
199999793
199999794
199999795
199999796
199999797
199999798
199999799
199999800
199999801
199999802
199999803
199999804
199999805
199999806
199999807
199999808
199999809
199999810
199999811
199999812
199999813
199999814
199999815
199999816
199999817
199999818
199999819
199999820
199999821
199999822
199999823
199999824
199999825
199999826
199999827
199999828
199999829
199999830
199999831
199999832
199999833
199999834
199999835
199999836
199999837
199999838
199999839
199999840
199999841
199999842
199999843
199999844
199999845
199999846
199999847
199999848
199999849
199999850
199999851
199999852
199999853
199999854
199999855
199999856
199999857
199999858
199999859
199999860
199999861
199999862
199999863
199999864
199999865
199999866
199999867
199999868
199999869
199999870
199999871
199999872
199999873
199999874
199999875
199999876
199999877
199999878
199999879
199999880
199999881
199999882
199999883
199999884
199999885
199999886
199999887
199999888
199999889
199999890
199999891
199999892
199999893
199999894
199999895
199999896
199999897
199999898
199999899
199999900
199999901
199999902
199999903
199999904
199999905
199999906
199999907
199999908
199999909
199999910
199999911
199999912
199999913
199999914
199999915
199999916
199999917
199999918
199999919
199999920
199999921
199999922
199999923
199999924
199999925
199999926
199999927
199999928
199999929
199999930
199999931
199999932
199999933
199999934
199999935
199999936
199999937
199999938
199999939
199999940
199999941
199999942
199999943
199999944
199999945
199999946
199999947
199999948
199999949
199999950
199999951
199999952
199999953
199999954
199999955
199999956
199999957
199999958
199999959
199999960
199999961
199999962
199999963
199999964
199999965
199999966
199999967
199999968
199999969
199999970
199999971
199999972
199999973
199999974
199999975
199999976
199999977
199999978
199999979
199999980
199999981
199999982
199999983
199999984
199999985
199999986
199999987
199999988
199999989
199999990
199999991
199999992
199999993
199999994
199999995
199999996
199999997
199999998
199999999
200000000
